-0.212866 0.275776
-0.429653 0.517048
-0.441627 0.528019
-0.43196 0.550547
-0.428469 0.554275
-0.431875 0.556074
-0.432196 0.554583
-0.430847 0.553831
-0.438565 0.547161
-0.432197 0.553325
-0.433585 0.545516
-0.430143 0.550256
-0.434783 0.544156
-0.4332 0.549494
-0.433494 0.551788
-0.437068 0.543607
-0.432952 0.550017
-0.431509 0.55115
-0.432936 0.553293
-0.43164 0.551969
-0.434595 0.554095
-0.432348 0.553726
-0.436305 0.55435
-0.433181 0.553461
-0.428619 0.554334
-0.435203 0.547235
-0.430231 0.553223
-0.424084 0.557574
-0.424817 0.558968
-0.426037 0.551877
-0.427497 0.555598
-0.428532 0.550582
-0.42903 0.55734
-0.435543 0.547305
-0.432941 0.553356
-0.434369 0.554438
-0.43442 0.556113
-0.435459 0.557194
-0.432801 0.557825
-0.437172 0.547659
-0.434664 0.552764
-0.435409 0.547885
-0.437095 0.551016
-0.433129 0.557346
-0.437193 0.548508
-0.435252 0.55279
-0.432577 0.555141
-0.431161 0.55787
-0.43431 0.549541
-0.436635 0.550984
-0.435806 0.553219
-0.433127 0.559394
-0.42502 0.561554
-0.42505 0.557295
-0.4213 0.558581
-0.424385 0.559042
-0.424855 0.557119
-0.424907 0.557819
-0.425571 0.554799
-0.427309 0.554514
-0.423702 0.55767
-0.424287 0.555432
-0.422549 0.556404
-0.426639 0.557204
-0.437635 0.542653
-0.436024 0.549921
-0.436777 0.549891
-0.43345 0.553856
-0.432151 0.557315
-0.433473 0.54887
-0.434633 0.551133
-0.436842 0.553701
-0.4383 0.546191
-0.438029 0.552683
-0.433202 0.557405
-0.431785 0.55841
-0.435492 0.550779
-0.433513 0.555663
-0.430891 0.559854
-0.434612 0.551666
-0.436829 0.553886
-0.431914 0.558297
-0.434168 0.558061
-0.435207 0.557995
-0.436663 0.558439
-0.435702 0.557711
-0.430043 0.561067
-0.422312 0.556381
-0.428218 0.557645
-0.427656 0.560273
-0.420608 0.559943
-0.425079 0.557157
-0.425469 0.557853
-0.430806 0.550361
-0.429738 0.554524
-0.427981 0.558817
-0.42612 0.560468
-0.426695 0.552031
-0.428759 0.553325
-0.427773 0.559418
-0.426685 0.559518
-0.429669 0.551822
-0.429003 0.557462
-0.424349 0.561742
-0.428797 0.55385
-0.431854 0.553766
-0.430881 0.556172
-0.429453 0.561402
-0.429544 0.553665
-0.426995 0.555947
-0.42681 0.558916
-0.426562 0.560674
-0.416555 0.561654
-0.410773 0.566069
-0.405805 0.57429
-0.417317 0.567802
-0.416686 0.568252
-0.413292 0.568448
-0.409898 0.56159
-0.414825 0.561226
-0.414017 0.560726
-0.415144 0.562558
-0.415046 0.560862
-0.41319 0.559825
-0.413638 0.560999
-0.434634 0.555422
-0.463574 0.56174
-0.475676 0.600112
-0.485688 0.655122
-0.487842 0.702648
-0.499851 0.751141
-0.514042 0.80169
-0.519944 0.870659
-0.536138 0.930112
-0.541375 0.99494
-0.539188 1.06547
-0.519346 1.13336
-0.548849 1.18456
-0.53395 1.25764
-0.53394 1.32743
-0.525113 1.39186
-0.525862 1.45117
-0.514105 1.52449
-0.511352 1.57351
-0.509899 1.63683
-0.504485 1.69825
-0.51128 1.74821
-0.515519 1.80256
-0.509279 1.86357
-0.509163 1.91693
-0.510207 1.98373
-0.498859 2.04685
-0.504081 2.10305
-0.502804 2.16971
-0.497828 2.22905
-0.497825 2.29041
-0.505015 2.34435
-0.49793 2.41242
-0.499728 2.4654
-0.494796 2.53049
-0.487243 2.5948
-0.499976 2.64836
-0.49161 2.70413
-0.483721 2.77114
-0.489292 2.84588
-0.474458 2.90985
-0.466863 2.97771
-0.458718 3.04262
-0.453636 3.11087
-0.460591 3.16591
-0.461766 3.21296
-0.462272 3.28849
-0.456059 3.34984
-0.465697 3.40405
-0.462564 3.46621
-0.447 3.54376
-0.444338 3.60656
-0.441219 3.65916
-0.431 3.73449
-0.443566 3.79911
-0.457279 3.8548
-0.439047 3.92983
-0.435179 3.9934
-0.448013 4.05237
-0.453354 4.12086
-0.449213 4.17061
-0.458794 4.22876
-0.463004 4.28248
-0.466274 4.33659
-0.442953 4.42333
-0.43648 4.49143
-0.427671 4.55322
-0.426093 4.61161
-0.402742 4.69745
-0.392142 4.76879
-0.398247 4.81812
-0.402666 4.88889
-0.392741 4.98219
-0.393032 5.03996
-0.398336 5.09089
-0.402219 5.14024
-0.408532 5.20699
-0.404562 5.27552
-0.404457 5.34788
-0.415891 5.40764
-0.398661 5.46439
-0.398065 5.51455
-0.403969 5.56106
-0.396988 5.62117
-0.391662 5.70157
-0.391098 5.76829
-0.38086 5.83505
-0.380292 5.8975
-0.380055 5.96541
-0.388339 6.02249
-0.391109 6.08231
-0.39049 6.14113
-0.400518 6.1953
-0.404923 6.26097
-0.394881 6.31575
-0.393571 6.38893
-0.390128 6.44464
-0.38925 6.51214
-0.383707 6.57566
-0.383626 6.6175
-0.391297 6.65748
-0.381243 6.72234
-0.390344 6.78047
-0.391537 6.8383
-0.385975 6.93039
-0.374474 7.03311
-0.383231 7.09701
-0.373755 7.16013
-0.371458 7.22369
-0.366491 7.28665
-0.367216 7.33563
-0.367598 7.38726
-0.367262 7.45566
-0.36411 7.5084
-0.36342 7.58127
-0.364015 7.63398
-0.356901 7.70978
-0.323904 7.85837
-0.305851 7.9709
-0.29607 8.0348
-0.286236 8.09839
-0.292636 8.14637
-0.292551 8.18327
-0.286193 8.22481
-0.289541 8.26843
-0.283575 8.30659
-0.287794 8.34016
-0.289169 8.38022
-0.258022 8.49848
-0.254497 8.52
-0.255642 8.57756
-0.258536 8.62732
-0.215382 8.75168
-0.213545 8.79446
-0.19321 8.8862
-0.193568 8.91929
-0.194624 8.95079
-0.197958 8.973
-0.195594 9.01487
-0.15604 9.11419
-0.150105 9.14624
-0.155046 9.19164
-0.105815 9.35087
-0.0968958 9.40829
-0.0955107 9.46262
-0.0888046 9.51301
-0.0496952 9.64148
-0.0531209 9.67357
-0.0440466 9.69591
-0.0445987 9.72913
-0.0375835 9.76103
-0.035728 9.78298
-0.0168003 9.90045
-0.0130108 9.92703
-0.00503892 10.0129
-0.0248504 10.0848
-0.0399731 10.1081
-0.0562867 10.0986
-0.0210014 10.2537
-0.0178332 10.295
-0.030185 10.3147
-0.0393002 10.3093
-0.0509701 10.3377
0.015043 10.5531
0.0160651 10.6113
0.00906603 10.6306
0.012633 10.6501
0.0674476 10.7138
0.0676323 10.7461
0.0546998 10.7425
0.0426362 10.7798
0.0330781 10.7728
0.0215502 10.7886
0.0119997 10.7707
0.0034719 10.7721
0.00861282 10.2481
-0.0103146 10.1842
-0.00780947 10.1305
-0.0170716 10.1615
-0.00759404 10.2418
0.00242599 10.3078
0.0199638 10.3143
0.0312619 10.3764
0.0348549 10.4318
0.0361954 10.486
0.0491866 10.5433
0.049164 10.6058
0.0288611 10.6672
0.0406383 10.7579
0.036357 10.8139
0.0478606 10.8814
0.0532188 10.9633
0.0627624 11.0375
0.0941492 11.2726
0.0909789 11.3184
0.0729206 11.3206
0.0831869 11.3467
0.0958531 11.3717
0.120498 11.4109
0.13672 11.6393
0.13981 11.6875
0.139118 11.7104
0.14192 11.7459
0.150057 11.7935
0.153759 11.8363
0.160798 11.8739
0.194416 12.1285
0.186193 12.1846
0.179675 12.1994
0.179479 12.2589
0.190557 12.304
0.231751 12.4675
0.236341 12.5025
0.242673 12.5337
0.23269 12.5681
0.238127 12.5784
0.235376 12.6069
0.246913 12.6356
0.272083 12.8237
0.268423 12.9022
0.261725 12.9341
0.272957 12.9713
0.289443 13.0028
0.315851 13.0353
0.318589 13.1675
0.320094 13.2294
0.338617 13.2734
0.348584 13.4781
0.358667 13.5541
0.35222 13.5571
0.360041 13.6104
0.376396 13.6442
0.385765 13.7767
0.388469 13.8564
0.387481 13.9065
0.427089 14.0827
0.435933 14.1343
0.437127 14.1872
0.44452 14.2171
0.448593 14.2686
0.456206 14.2904
0.456805 14.3288
0.464227 14.3678
0.471165 14.4154
0.51084 14.6361
0.507363 14.7102
0.506857 14.7589
0.520636 14.7987
0.526891 14.8366
0.558731 14.9946
0.555749 15.07
0.552743 15.112
0.566342 15.1275
0.567156 15.1884
0.563949 15.241
0.575244 15.2702
0.586291 15.3159
0.598733 15.4173
0.600347 15.4698
0.588871 15.4938
0.5947 15.5425
0.627327 15.6818
0.616518 15.7186
0.6273 15.8492
0.635031 15.9149
0.632343 15.9652
0.639527 16.0154
0.648031 16.0582
0.677871 16.206
0.673234 16.2687
0.66386 16.3032
0.697565 16.4401
0.701353 16.5007
0.695262 16.5357
0.69177 16.5737
0.722559 16.7215
0.724709 16.7893
0.729931 16.8447
0.737765 16.9144
0.763428 16.9871
0.774215 17.0619
0.777493 17.1258
0.789286 17.1508
0.792978 17.1898
0.799601 17.2207
0.811757 17.2549
0.815648 17.2967
0.816489 17.3434
0.835738 17.5147
0.84302 17.5826
0.845523 17.5986
0.873549 17.753
0.86692 17.8057
0.868957 17.8232
0.860403 17.8427
0.8676 17.8882
0.90005 18.0277
0.901664 18.1009
0.914817 18.1243
0.914187 18.1748
0.92471 18.2032
0.957476 18.3332
0.959782 18.3885
0.964294 18.4
0.9762 18.4436
0.977432 18.5105
0.991482 18.5365
1.00006 18.5681
1.01184 18.7956
1.0027 18.8638
1.0075 18.8933
1.0175 18.9636
1.00331 19.0059
1.00849 19.088
0.99916 19.1232
0.99084 19.1591
0.990828 19.206
0.989568 19.2384
0.983852 19.295
0.968426 19.3335
0.956999 19.3806
0.956038 19.4319
0.949494 19.5205
0.938916 19.6086
0.928938 19.6738
0.929473 19.7436
0.919805 19.8113
0.910005 19.8635
0.891918 19.9166
0.884339 19.9568
0.86444 20.0085
0.854246 20.0674
0.838762 20.1279
0.821946 20.1768
0.807582 20.2187
0.787199 20.2786
0.761374 20.3276
0.738319 20.383
0.713617 20.438
0.692088 20.4902
0.673801 20.5401
0.647655 20.5862
0.623572 20.6292
0.602085 20.6796
0.58101 20.7527
0.561531 20.7973
0.537188 20.846
0.495748 20.8688
0.474232 20.9109
0.44593 20.9679
0.408928 21.0075
0.377878 21.0101
0.345898 21.0577
0.314155 21.1091
0.290724 21.1779
0.269225 21.2363
0.241894 21.2884
0.20243 21.3232
0.181431 21.365
0.150753 21.4134
0.111178 21.4601
0.0743879 21.5204
0.0388355 21.6308
0.00966471 21.704
-0.0182944 21.7652
-0.056613 21.8091
-0.0987869 21.8551
-0.143992 21.8681
-0.18203 21.9087
-0.223181 21.9675
-0.258342 22.0197
-0.296493 22.0787
-0.324737 22.1316
-0.365709 22.1407
-0.392152 22.2016
-0.427253 22.2542
-0.460178 22.3132
-0.500591 22.3714
-0.534911 22.4409
-0.593829 22.4797
-0.62838 22.5398
-0.663673 22.5882
-0.691307 22.6248
-0.728457 22.6675
-0.763221 22.6875
-0.796505 22.7448
-0.831504 22.7975
-0.863008 22.8099
-0.89732 22.862
-0.934475 22.9274
-0.959918 22.9957
-0.995475 23.068
-1.03279 23.1439
-1.08437 23.2325
-1.12005 23.3075
-1.17802 23.3338
-1.21083 23.3776
-1.24334 23.4477
-1.2763 23.4994
-1.31403 23.5512
-1.35706 23.6047
-1.40095 23.6554
-1.44184 23.716
-1.49595 23.727
-1.5388 23.7832
-1.57083 23.8329
-1.60802 23.88
-1.65351 23.9345
-1.6992 23.9997
-1.74569 24.0603
-1.78772 24.129
-1.82873 24.1417
-1.87526 24.1965
-1.91276 24.2731
-1.94808 24.335
-1.99907 24.3326
-2.03183 24.3912
-2.07606 24.4505
-2.11467 24.5035
-2.15178 24.4924
-2.19462 24.5577
-2.23199 24.6194
-2.26858 24.6851
-2.30995 24.7515
-2.34897 24.8111
-2.3817 24.8716
-2.43587 24.8825
-2.47762 24.9379
-2.51282 25.0104
-2.55322 25.0849
-2.60876 25.0971
-2.65201 25.1463
-2.69804 25.2038
-2.74163 25.255
-2.78663 25.3063
-2.82515 25.3677
-2.87172 25.4244
-2.90966 25.4732
-2.9488 25.5257
-2.99045 25.5717
-3.02741 25.6232
-3.06617 25.6604
-3.10941 25.66
-3.15058 25.7056
-3.19713 25.7624
-3.23996 25.8268
-3.26912 25.8799
-3.31801 25.8769
-3.36237 25.9397
-3.40476 26.012
-3.45161 26.0827
-3.50373 26.145
-3.55619 26.1747
-3.5988 26.2259
-3.63836 26.264
-3.67159 26.3192
-3.70991 26.3711
-3.74334 26.4149
-3.76199 26.4198
-3.80811 26.4124
-3.85058 26.4524
-3.89855 26.4549
-3.93975 26.508
-3.96832 26.5629
-3.99705 26.6043
-4.03115 26.6454
-4.06728 26.6216
-4.1143 26.6712
-4.13047 26.6617
-4.16129 26.7159
-4.20521 26.78
-4.2292 26.8271
-4.26231 26.868
-4.30042 26.9079
-4.33411 26.9515
-4.36683 27.0013
-4.4119 27.0164
-4.44131 27.061
-4.47238 27.1169
-4.50649 27.1593
-4.52625 27.1507
-4.56815 27.1938
-4.59439 27.2309
-4.62837 27.2687
-4.66034 27.3252
-4.68938 27.3785
-4.72947 27.3892
-4.74039 27.3852
-4.76547 27.4441
-4.78042 27.489
-4.81514 27.5209
-4.83618 27.5156
-4.87172 27.5525
-4.90043 27.5989
-4.929 27.6391
-4.95412 27.6693
-4.98311 27.7041
-5.02288 27.7401
-5.05194 27.7293
-5.07861 27.7611
-5.09674 27.8042
-5.12477 27.8432
-5.15672 27.8776
-5.1827 27.8496
-5.21522 27.8947
-5.24128 27.9451
-5.26994 27.999
-5.29148 28.0444
-5.32129 28.0752
-5.34554 28.1148
-5.3625 28.1578
-5.38825 28.1341
-5.42138 28.1665
-5.44896 28.1985
-5.4753 28.2255
-5.49335 28.2081
-5.52279 28.2371
-5.55554 28.2621
-5.6019 28.3027
-5.64027 28.3465
-5.66418 28.3842
-5.69803 28.4188
-5.73255 28.4545
-5.76845 28.4951
-5.79192 28.5208
-5.82549 28.5387
-5.86431 28.5607
-5.90824 28.5894
-5.94791 28.6292
-5.98142 28.6696
-6.01306 28.7021
-6.04041 28.7328
-6.07607 28.7732
-6.10037 28.7728
-6.12 28.7667
-6.15333 28.7973
-6.18405 28.8243
-6.21818 28.8594
-6.25174 28.8991
-6.28425 28.9394
-6.31352 28.9824
-6.3518 29.0141
-6.38491 29.0504
-6.42805 29.0818
-6.47952 29.0909
-6.50621 29.124
-6.53097 29.1672
-6.57867 29.2148
-6.6229 29.2095
-6.65374 29.2489
-6.6851 29.2926
-6.72587 29.3337
-6.75758 29.3676
-6.79934 29.4039
-6.84095 29.4515
-6.87509 29.5001
-6.91316 29.4862
-6.95119 29.5375
-6.97836 29.5968
-7.01964 29.652
-7.0648 29.7019
-7.1086 29.7549
-7.14941 29.7525
-7.18371 29.8132
-7.21875 29.8636
-7.2549 29.9148
-7.29611 29.9737
-7.31564 29.9429
-7.35183 29.9864
-7.39036 30.0384
-7.43351 30.0861
-7.48367 30.1543
-7.52116 30.2084
-7.57024 30.2614
-7.59291 30.24
-7.65087 30.2967
-7.70278 30.362
-7.74138 30.4339
-7.78167 30.4931
-7.81021 30.4781
-7.8522 30.5417
-7.89436 30.6042
-7.92948 30.6617
-7.96287 30.7154
-7.9859 30.7319
-8.03146 30.8063
-8.06956 30.826
-8.11507 30.8857
-8.1694 30.9513
-8.18654 30.9757
-8.22968 31.0301
-8.25055 31.0506
-8.28692 31.1133
-8.334 31.1713
-8.38897 31.245
-8.40933 31.2485
-8.45978 31.3224
-8.50441 31.4017
-8.53164 31.4076
-8.5807 31.4764
-8.62469 31.5508
-8.6382 31.5526
-8.67666 31.6024
-8.70984 31.6586
-8.72421 31.6411
-8.76608 31.6917
-8.80224 31.759
-8.8365 31.8171
-8.85667 31.8367
-8.89336 31.9247
-8.93492 31.9879
-8.97651 32.0627
-9.01192 32.1286
-9.0497 32.1899
-9.06844 32.2016
-9.1074 32.2503
-9.14557 32.2724
-9.20265 32.343
-9.26711 32.4119
-9.29293 32.4267
-9.31004 32.4872
-9.3481 32.5558
-9.39151 32.6273
-9.43305 32.6933
-9.478 32.7566
-9.51945 32.8223
-9.56258 32.8926
-9.58993 32.9008
-9.62264 32.9258
-9.68143 32.9843
-9.71896 33.0334
-9.78104 33.107
-9.8066 33.1304
-9.84995 33.2005
-9.89162 33.2666
-9.93642 33.3002
-9.9771 33.3613
-10.023 33.4305
-10.0713 33.4931
-10.1016 33.5316
-10.1456 33.585
-10.1936 33.6538
-10.2474 33.7195
-10.2759 33.7621
-10.3283 33.8342
-10.3496 33.8811
-10.3951 33.9388
-10.4316 34.0075
-10.4573 34.0424
-10.5137 34.1155
-10.5753 34.1953
-10.6225 34.2663
-10.6689 34.3391
-10.706 34.3944
-10.7555 34.4499
-10.7869 34.4952
-10.8366 34.5541
-10.8781 34.6248
-10.9268 34.6731
-10.9787 34.7455
-11.0139 34.7958
-11.0613 34.8696
-11.1119 34.9495
-11.1598 35.0223
-11.2047 35.0918
-11.258 35.1688
-11.3064 35.2439
-11.3493 35.3114
-11.3911 35.3772
-11.446 35.45
-11.4696 35.4947
-11.5258 35.5544
-11.5599 35.619
-11.5871 35.6622
-11.6416 35.7324
-11.6787 35.7997
-11.7293 35.8682
-11.7581 35.9221
-11.8104 36.0015
-11.8383 36.0671
-11.8661 36.124
-11.9268 36.2218
-11.9422 36.2622
-11.991 36.3304
-12.0422 36.4034
-12.0725 36.4638
-12.1231 36.5319
-12.1539 36.5717
-12.1996 36.6371
-12.2403 36.715
-12.2738 36.7919
-12.3092 36.8543
-12.3529 36.9238
-12.3896 36.9954
-12.4152 37.0509
-12.4464 37.1125
-12.4992 37.1981
-12.5177 37.272
-12.5702 37.3596
-12.5965 37.425
-12.6509 37.5025
-12.7015 37.5812
-12.7243 37.6301
-12.7705 37.6943
-12.8111 37.7556
-12.8538 37.8119
-12.893 37.8628
-12.9367 37.9116
-12.9757 37.9593
-13.0094 37.9836
-13.0612 38.0376
-13.1218 38.0902
-13.1778 38.1482
-13.2322 38.2039
-13.2846 38.2519
-13.3454 38.2986
-13.3909 38.3255
-13.4444 38.3674
-13.49 38.4138
-13.549 38.428
-13.5797 38.4467
-13.6324 38.455
-13.6752 38.4524
-13.7223 38.4609
-13.7719 38.4815
-13.8334 38.4953
-13.8599 38.5305
-13.9012 38.5328
-13.9665 38.5392
-14.0443 38.5307
-14.0945 38.5169
-14.1758 38.4977
-14.2437 38.4901
-14.311 38.4322
-14.3868 38.4199
-14.4785 38.3973
-14.5984 38.3767
-14.7235 38.3924
-14.8257 38.4008
-14.9042 38.4112
-14.9813 38.4528
-15.0351 38.4703
-15.0832 38.4909
-15.12 38.4753
-15.1799 38.4459
-15.2165 38.4299
-15.2753 38.4132
-15.3365 38.4042
-15.391 38.3826
-15.4532 38.3731
-15.5085 38.3592
-15.5612 38.36
-15.6071 38.3586
-15.659 38.3531
-15.7122 38.325
-15.7648 38.3101
-15.8341 38.3219
-15.8723 38.3012
-15.9242 38.3001
-15.9677 38.2893
-16.0059 38.2719
-16.0454 38.2457
-16.0672 38.2144
-16.0984 38.1991
-16.1529 38.1749
-16.2018 38.14
-16.253 38.0994
-16.2851 38.0491
-16.3052 38.006
-16.3625 37.9564
-16.3929 37.9065
-16.4159 37.8643
-16.4524 37.8168
-16.4592 37.7502
-16.472 37.7005
-16.4934 37.6407
-16.5085 37.594
-16.5163 37.5301
-16.5279 37.4818
-16.5268 37.4083
-16.5163 37.3889
-16.4958 37.3406
-16.4954 37.2729
-16.5072 37.2128
-16.5319 37.1399
-16.5661 37.0867
-16.5919 37.0546
-16.6467 37.0353
-16.7131 36.9641
-16.7565 36.9278
-16.8065 36.8869
-16.8783 36.8592
-16.9168 36.8275
-16.9616 36.8083
-16.9989 36.7749
-17.0267 36.7505
-17.043 36.7192
-17.0621 36.6821
-17.085 36.6374
-17.0962 36.577
-17.1167 36.5305
-17.1284 36.4751
-17.1453 36.4204
-17.1494 36.3527
-17.168 36.3092
-17.1678 36.2555
-17.1551 36.1594
-17.1473 36.0961
-17.1419 36.0085
-17.14 35.9348
-17.1571 35.8625
-17.1795 35.8218
-17.1886 35.823
-17.1815 35.8088
-17.1817 35.8075
-17.1818 35.8194
-17.1822 35.8184
-17.1885 35.8265
-17.1721 35.8197
-17.1708 35.8179
-17.1697 35.8156
-17.1662 35.818
-17.1681 35.8147
-17.1685 35.818
-17.1698 35.8158
-17.1686 35.8186
-17.1717 35.8194
-17.1726 35.8198
-17.1718 35.8264
-17.1749 35.8217
-17.173 35.8233
-17.1684 35.8226
-17.1749 35.8326
-17.165 35.8202
-17.1653 35.8273
-17.1619 35.8287
-17.1662 35.826
-17.1647 35.8121
-17.165 35.8185
-17.1656 35.8159
-17.1662 35.8206
-17.1633 35.8266
-17.1677 35.8312
-17.1576 35.8218
-17.1585 35.8161
-17.1647 35.8122
-17.1649 35.8166
-17.1677 35.8151
-17.1688 35.8156
-17.1716 35.817
-17.1709 35.8157
-17.172 35.822
-17.167 35.8158
-17.1683 35.8214
-17.169 35.8181
-17.1673 35.8159
-17.165 35.8198
-17.1637 35.8306
-17.1595 35.8203
-17.1552 35.823
-17.1567 35.8203
-17.1551 35.8191
-17.1562 35.8181
-17.1524 35.8188
-17.1496 35.8176
-17.1522 35.8151
-17.1529 35.8178
-17.1491 35.8146
-17.1484 35.8171
-17.1511 35.8267
-17.1542 35.831
-17.1608 35.8292
-17.1584 35.8337
-17.1564 35.83
-17.1651 35.8349
-17.1614 35.8355
-17.1637 35.8396
-17.1692 35.8382
-17.1706 35.8387
-17.166 35.8362
-17.1692 35.8351
-17.1684 35.837
-17.1668 35.8366
-17.166 35.8346
-17.169 35.8366
-17.1721 35.8339
-17.1715 35.8358
-17.1692 35.836
-17.1671 35.8359
-17.1685 35.8355
-17.1703 35.8348
-17.1723 35.8349
-17.1725 35.8381
-17.1718 35.8437
-17.1771 35.8451
-17.1745 35.8447
-17.1692 35.8401
-17.1672 35.8393
-17.1711 35.842
-17.1692 35.8422
-17.1707 35.8415
-17.1725 35.8417
-17.1742 35.8436
-17.1734 35.8426
-17.1783 35.8465
-17.175 35.8419
-17.1732 35.8458
-17.1723 35.8449
-17.1744 35.8439
-17.1716 35.8441
-17.1701 35.8448
-17.1735 35.8411
-17.1757 35.8386
-17.1766 35.8375
-17.1772 35.8426
-17.1821 35.8422
-17.1769 35.8387
-17.1723 35.8345
-17.1729 35.8414
-17.175 35.8425
-17.1776 35.8436
-17.1752 35.8483
-17.1749 35.8449
-17.1719 35.8438
-17.1723 35.8436
-17.1714 35.8433
-17.1674 35.8376
-17.1676 35.8366
-17.1671 35.8384
-17.1634 35.8372
-17.168 35.8291
-17.163 35.8284
-17.1642 35.8356
-17.168 35.8356
-17.1702 35.8312
-17.1666 35.833
-17.1665 35.8337
-17.1719 35.8388
-17.1668 35.8369
-17.1623 35.8354
